520,
535,
661,
694,
552,
530,
518,
578,
566,
525,
509,
493,
550,
534,
557,
565,
527,
564,
579,
595,
530,
572,
606,
544,
584,
571,
523,
493,
535,
475,
459,
547,
366,
506,
484,
433,
463,
501,
476,
524,
497,
480,
493,
503,
493,
509,
479,
494,
501,
468,
494,
511,
437,
448,
459,
466,
477,
469,
436,
430,
448,
424,
405,
404,
381,
394,
418,
372,
374,
404,
429,
362,
400,
314,
652,
660,
616,
653,
656,
643,
611,
631,
624,
638,
650,
638,
621,
681,
682,
714,
680,
673,
690,
699,
697,
675,
701,
714,
655,
667,
634,
644,
659,
632,
666,
678,
686,
641,
639,
626,
660,
627,
680,
672,
742,
767,
751,
740,
760,
773,
721,
575,
728,
707,
692,
723,
700,
712,
711,
761,
734,
717,
729,
704,
578,
578,
574,
605,
561,
567,
570,
601,
586,
563,
589,
604,
569,
579,
558,
605,
612,
609,
623,
632,
593,
598,
608,
604,
596,
626,
631,
620,
638,
613,
655,
626,
644,
610,
678,
689,
652,
675,
656,
681,
672,
664,
687,
678,
692,
653,
684,
679,
678,
674,
664,
667,
656,
709,
677,
636,
604,
702,
714,
736,
727,
741,
741,
704,
694,
703,
713,
752,
759,
731,
724,
708,
799,
775,
801,
809,
788,
794,
812,
829,
814,
785,
792,
777,
794,
780,
813,
776,
795,
804,
783,
792,
794,
795,
769,
760,
792,
819,
816,
813,
791,
808,
779,
780,
772,
780,
809,
850,
870,
857,
879,
739,
749,
718,
749,
726,
759,
735,
747,
753,
755,
776,
762,
723,
716,
784,
773,
759,
795,
790,
816,
747,
764,
729,
715,
664,
700,
729,
707,
663,
659,
652,
674,
697,
698,
670,
699,
704,
679,
664,
680,
656,
685,
639,
671,
719,
622,
604,
620,
610,
613,
576,
637,
554,
647,
631,
581,
571,
555,
605,
588,
631,
627,
551,
591,
521,
548,
584,
620,
556,
538,
605,
520,
589,
612,
636,
597,
624,
557,
545,
566,
593,
571,
452,
435,
507,
433,
465,
522,
400,
378,
482,
462,
469,
404,
426,
505